2015-08-07,2.77,279.58,53.8656137503,1020.94179819	
2015-08-08,0.753325,261.0,53.8656137503,1020.94179819	
2015-08-09,0.701897,265.08,53.8656137503,1020.94179819	
2015-08-10,0.708448,264.47,53.8656137503,1020.94179819	
2015-08-11,1.07,270.39,53.8656137503,1020.94179819	
2015-08-12,1.22,266.38,53.8656137503,1020.94179819	
2015-08-13,1.83,264.08,53.8656137503,1020.94179819	
2015-08-14,1.83,265.68,53.8656137503,1020.94179819	
2015-08-15,1.69,261.55,53.8656137503,1020.94179819	
2015-08-16,1.57,258.51,53.8656137503,1020.94179819	
2015-08-17,1.2,257.98,53.8656137503,1020.94179819	
2015-08-18,1.09,211.08,53.8656137503,1020.94179819	
2015-08-19,1.26,226.68,53.8656137503,1020.94179819	
2015-08-20,1.46,235.35,53.8656137503,1020.94179819	
2015-08-21,1.4,232.57,53.8656137503,1020.94179819	
2015-08-22,1.38,230.39,53.8656137503,1020.94179819	
2015-08-23,1.35,228.17,53.8656137503,1020.94179819	
2015-08-24,1.23,210.5,53.8656137503,1020.94179819	
2015-08-25,1.14,221.61,53.8656137503,1020.94179819	
2015-08-26,1.16,225.83,53.8656137503,1020.94179819	
2015-08-27,1.15,224.77,53.8656137503,1020.94179819	
2015-08-28,1.19,231.4,53.8656137503,1020.94179819	
2015-08-29,1.18,229.78,53.8656137503,1020.94179819	
2015-08-30,1.32,228.76,53.8656137503,1020.94179819	
2015-08-31,1.36,230.06,53.8656137503,1020.94179819	
2015-09-01,1.35,228.12,53.8656137503,1020.94179819	
2015-09-02,1.29,229.28,53.8656137503,1020.94179819	
2015-09-03,1.26,227.18,53.8656137503,1020.94179819	
2015-09-04,1.27,230.3,53.8656137503,1020.94179819	
2015-09-05,1.34,235.02,53.8656137503,1020.94179819	
2015-09-06,1.3,239.84,53.8656137503,1020.94179819	
2015-09-07,1.25,239.85,53.8656137503,1020.94179819	
2015-09-08,1.24,243.61,53.8656137503,1020.94179819	
2015-09-09,1.21,238.17,53.8656137503,1020.94179819	
2015-09-10,1.17,238.48,53.8656137503,1020.94179819	
2015-09-11,0.982978,240.11,53.8656137503,1020.94179819	
2015-09-12,1.04,235.23,53.8656137503,1020.94179819	
2015-09-13,0.936003,230.51,53.8656137503,1020.94179819	
2015-09-14,0.875622,230.64,53.8656137503,1020.94179819	
2015-09-15,0.94441,230.3,53.8656137503,1020.94179819	
2015-09-16,0.907175,229.09,53.8656137503,1020.94179819	
2015-09-17,0.874231,229.81,53.8656137503,1020.94179819	
2015-09-18,0.853685,232.97,53.8656137503,1020.94179819	
2015-09-19,0.882391,231.49,53.8656137503,1020.94179819	
2015-09-20,0.938445,231.21,53.8656137503,1020.94179819	
2015-09-21,0.919047,227.09,53.8656137503,1020.94179819	
2015-09-22,0.901796,230.62,53.8656137503,1020.94179819	
2015-09-23,0.893406,230.28,53.8656137503,1020.94179819	
2015-09-24,0.81361,234.53,53.8656137503,1020.94179819	
2015-09-25,0.736223,235.14,53.8656137503,1020.94179819	
2015-09-26,0.785964,234.34,53.8656137503,1020.94179819	
2015-09-27,0.720839,232.76,53.8656137503,1020.94179819	
2015-09-28,0.582886,239.14,53.8656137503,1020.94179819	
2015-09-29,0.661146,236.69,53.8656137503,1020.94179819	
2015-09-30,0.738644,236.06,53.8656137503,1020.94179819	
2015-10-01,0.690215,237.55,53.8656137503,1020.94179819	
2015-10-02,0.678574,237.29,53.8656137503,1020.94179819	
2015-10-03,0.687171,238.73,53.8656137503,1020.94179819	
2015-10-04,0.668379,238.26,53.8656137503,1020.94179819	
2015-10-05,0.628643,240.38,53.8656137503,1020.94179819	
2015-10-06,0.650645,246.06,53.8656137503,1020.94179819	
2015-10-07,0.609388,242.97,53.8656137503,1020.94179819	
2015-10-08,0.621716,242.3,53.8656137503,1020.94179819	
2015-10-09,0.650628,243.93,53.8656137503,1020.94179819	
2015-10-10,0.627857,244.94,53.8656137503,1020.94179819	
2015-10-11,0.634963,247.05,53.8656137503,1020.94179819	
2015-10-12,0.62603,245.31,53.8656137503,1020.94179819	
2015-10-13,0.607655,249.51,53.8656137503,1020.94179819	
2015-10-14,0.522968,251.99,53.8656137503,1020.94179819	
2015-10-15,0.561878,254.32,53.8656137503,1020.94179819	
2015-10-16,0.536495,262.87,53.8656137503,1020.94179819	
2015-10-17,0.547178,270.64,53.8656137503,1020.94179819	
2015-10-18,0.517734,261.64,53.8656137503,1020.94179819	
2015-10-19,0.489014,263.44,53.8656137503,1020.94179819	
2015-10-20,0.434829,269.46,53.8656137503,1020.94179819	
2015-10-21,0.447329,266.27,53.8656137503,1020.94179819	
2015-10-22,0.567702,274.02,53.8656137503,1020.94179819	
2015-10-23,0.539657,276.5,53.8656137503,1020.94179819	
2015-10-24,0.56359,281.65,53.8656137503,1020.94179819	
2015-10-25,0.616039,283.68,53.8656137503,1020.94179819	
2015-10-26,0.731317,285.3,53.8656137503,1020.94179819	
2015-10-27,0.869641,293.79,53.8656137503,1020.94179819	
2015-10-28,1.0,304.62,53.8656137503,1020.94179819	
2015-10-29,1.21,313.86,53.8656137503,1020.94179819	
2015-10-30,1.04,328.01,53.8656137503,1020.94179819	
2015-10-31,0.916627,314.17,53.8656137503,1020.94179819	
2015-11-01,1.06,325.43,53.8656137503,1020.94179819	
2015-11-02,0.989789,361.19,53.8656137503,1020.94179819	
2015-11-03,1.01,403.42,53.8656137503,1020.94179819	
2015-11-04,0.89905,411.56,53.8656137503,1020.94179819	
2015-11-05,0.895637,386.35,53.8656137503,1020.94179819	
2015-11-06,0.926032,374.47,53.8656137503,1020.94179819	
2015-11-07,0.927974,386.48,53.8656137503,1020.94179819	
2015-11-08,1.03,373.37,53.8656137503,1020.94179819	
2015-11-09,0.999278,380.26,53.8656137503,1020.94179819	
2015-11-10,0.934348,336.82,53.8656137503,1020.94179819	
2015-11-11,0.791829,311.08,53.8656137503,1020.94179819	
2015-11-12,0.895711,338.15,53.8656137503,1020.94179819	
2015-11-13,0.904096,336.75,53.8656137503,1020.94179819	
2015-11-14,0.888812,332.91,53.8656137503,1020.94179819	
2015-11-15,0.906368,320.17,53.8656137503,1020.94179819	
2015-11-16,0.928962,330.75,53.8656137503,1020.94179819	
2015-11-17,1.01,335.09,53.8656137503,1020.94179819	
2015-11-18,0.993319,334.59,53.8656137503,1020.94179819	
2015-11-19,0.955532,326.15,53.8656137503,1020.94179819	
2015-11-20,0.92492,322.02,53.8656137503,1020.94179819	
2015-11-21,0.97614,326.93,53.8656137503,1020.94179819	
2015-11-22,0.968018,324.54,53.8656137503,1020.94179819	
2015-11-23,0.946969,323.05,53.8656137503,1020.94179819	
2015-11-24,0.900191,320.05,53.8656137503,1020.94179819	
2015-11-25,0.863537,328.21,53.8656137503,1020.94179819	
2015-11-26,0.884183,352.68,53.8656137503,1020.94179819	
2015-11-27,0.867951,358.04,53.8656137503,1020.94179819	
2015-11-28,0.915703,357.38,53.8656137503,1020.94179819	
2015-11-29,0.878614,371.29,53.8656137503,1020.94179819	
2015-11-30,0.873119,377.32,53.8656137503,1020.94179819	
2015-12-01,0.8748,362.49,53.8656137503,1020.94179819	
2015-12-02,0.82121,359.19,53.8656137503,1020.94179819	
2015-12-03,0.812143,361.05,53.8656137503,1020.94179819	
2015-12-04,0.840041,363.18,53.8656137503,1020.94179819	
2015-12-05,0.862438,388.95,53.8656137503,1020.94179819	
2015-12-06,0.8355,388.78,53.8656137503,1020.94179819	
2015-12-07,0.811264,395.54,53.8656137503,1020.94179819	
2015-12-08,0.822118,415.56,53.8656137503,1020.94179819	
2015-12-09,0.792167,417.56,53.8656137503,1020.94179819	
2015-12-10,0.840396,415.48,53.8656137503,1020.94179819	
2015-12-11,0.929762,451.94,53.8656137503,1020.94179819	
2015-12-12,0.976973,435.0,53.8656137503,1020.94179819	
2015-12-13,0.952884,433.75,53.8656137503,1020.94179819	
2015-12-14,0.993022,444.18,53.8656137503,1020.94179819	
2015-12-15,1.01,465.32,53.8656137503,1020.94179819	
2015-12-16,0.991182,454.93,53.8656137503,1020.94179819	
2015-12-17,0.940701,456.08,53.8656137503,1020.94179819	
2015-12-18,0.920127,463.62,53.8656137503,1020.94179819	
2015-12-19,0.908072,462.32,53.8656137503,1020.94179819	
2015-12-20,0.903885,442.69,53.8656137503,1020.94179819	
2015-12-21,0.900771,438.64,53.8656137503,1020.94179819	
2015-12-22,0.864202,436.57,53.8656137503,1020.94179819	
2015-12-23,0.858077,442.4,53.8656137503,1020.94179819	
2015-12-24,0.863262,454.99,53.8656137503,1020.94179819	
2015-12-25,0.870363,455.65,53.8656137503,1020.94179819	
2015-12-26,0.854603,417.27,53.8656137503,1020.94179819	
2015-12-27,0.856365,422.82,53.8656137503,1020.94179819	
2015-12-28,0.845005,422.28,53.8656137503,1020.94179819	
2015-12-29,0.873054,432.98,53.8656137503,1020.94179819	
2015-12-30,0.911958,426.62,53.8656137503,1020.94179819	
2015-12-31,0.933542,430.57,53.8656137503,1020.94179819	
2016-01-01,0.948024,434.33,53.8656137503,1020.94179819	
2016-01-02,0.937124,433.44,53.8656137503,1020.94179819	
2016-01-03,0.971905,430.01,53.8656137503,1020.94179819	
2016-01-04,0.95448,433.09,53.8656137503,1020.94179819	
2016-01-05,0.950176,431.96,53.8656137503,1020.94179819	
2016-01-06,0.95086,429.11,53.8656137503,1020.94179819	
2016-01-07,0.942005,458.05,53.8656137503,1020.94179819	
2016-01-08,0.986789,453.23,53.8656137503,1020.94179819	
2016-01-09,0.986833,447.61,53.8656137503,1020.94179819	
2016-01-10,0.999231,447.99,53.8656137503,1020.94179819	
2016-01-11,1.06,448.43,53.8656137503,1020.94179819	
2016-01-12,1.14,435.69,53.8656137503,1020.94179819	
2016-01-13,1.13,432.37,53.8656137503,1020.94179819	
2016-01-14,1.19,430.31,53.8656137503,1020.94179819	
2016-01-15,1.21,364.33,53.8656137503,1020.94179819	
2016-01-16,1.22,387.54,53.8656137503,1020.94179819	
2016-01-17,1.33,382.3,53.8656137503,1020.94179819	
2016-01-18,1.43,387.17,53.8656137503,1020.94179819	
2016-01-19,1.37,380.15,53.8656137503,1020.94179819	
2016-01-20,1.53,420.23,53.8656137503,1020.94179819	
2016-01-21,1.55,410.26,53.8656137503,1020.94179819	
2016-01-22,1.5,382.49,53.8656137503,1020.94179819	
2016-01-23,1.97,387.49,53.8656137503,1020.94179819	
2016-01-24,2.14,402.97,53.8656137503,1020.94179819	
2016-01-25,2.5,391.73,53.8656137503,1020.94179819	
2016-01-26,2.28,392.15,53.8656137503,1020.94179819	
2016-01-27,2.39,394.97,53.8656137503,1020.94179819	
2016-01-28,2.53,380.29,53.8656137503,1020.94179819	
2016-01-29,2.49,379.47,53.8656137503,1020.94179819	
2016-01-30,2.45,378.25,53.8656137503,1020.94179819	
2016-01-31,2.31,368.77,53.8656137503,1020.94179819	
2016-02-01,2.21,373.06,53.8656137503,1020.94179819	
2016-02-02,2.44,374.45,53.8656137503,1020.94179819	
2016-02-03,2.53,369.95,53.8656137503,1020.94179819	
2016-02-04,2.58,389.59,53.8656137503,1020.94179819	
2016-02-05,2.54,386.55,53.8656137503,1020.94179819	
2016-02-06,2.53,376.52,53.8656137503,1020.94179819	
2016-02-07,2.96,376.62,53.8656137503,1020.94179819	
2016-02-08,3.18,373.45,53.8656137503,1020.94179819	
2016-02-09,4.04,376.03,53.8656137503,1020.94179819	
2016-02-10,4.44,381.65,53.8656137503,1020.94179819	
2016-02-11,6.01,379.65,53.8656137503,1020.94179819	
2016-02-12,5.55,384.26,53.8656137503,1020.94179819	
2016-02-13,5.39,391.86,53.8656137503,1020.94179819	
2016-02-14,5.24,407.23,53.8656137503,1020.94179819	
2016-02-15,5.29,400.19,53.8656137503,1020.94179819	
2016-02-16,4.32,407.49,53.8656137503,1020.94179819	
2016-02-17,3.76,416.32,53.8656137503,1020.94179819	
2016-02-18,4.4,422.37,53.8656137503,1020.94179819	
2016-02-19,4.74,420.79,53.8656137503,1020.94179819	
2016-02-20,4.34,437.16,53.8656137503,1020.94179819	
2016-02-21,4.65,438.8,53.8656137503,1020.94179819	
2016-02-22,5.62,437.75,53.8656137503,1020.94179819	
2016-02-23,5.59,420.74,53.8656137503,1020.94179819	
2016-02-24,6.24,424.95,53.8656137503,1020.94179819	
2016-02-25,6.1,424.54,53.8656137503,1020.94179819	
2016-02-26,5.92,432.15,53.8656137503,1020.94179819	
2016-02-27,6.43,432.52,53.8656137503,1020.94179819	
2016-02-28,6.47,433.5,53.8656137503,1020.94179819	
2016-02-29,6.34,437.7,53.8656137503,1020.94179819	
2016-03-01,7.65,435.12,53.8656137503,1020.94179819	
2016-03-02,8.47,423.99,53.8656137503,1020.94179819	
2016-03-03,9.29,421.65,53.8656137503,1020.94179819	
2016-03-04,10.41,410.94,53.8656137503,1020.94179819	
2016-03-05,11.0,400.57,53.8656137503,1020.94179819	
2016-03-06,11.38,407.71,53.8656137503,1020.94179819	
2016-03-07,9.55,414.32,53.8656137503,1020.94179819	
2016-03-08,9.85,413.97,53.8656137503,1020.94179819	
2016-03-09,11.9,414.86,53.8656137503,1020.94179819	
2016-03-10,11.3,417.13,53.8656137503,1020.94179819	
2016-03-11,11.08,421.69,53.8656137503,1020.94179819	
2016-03-12,13.53,411.62,53.8656137503,1020.94179819	
2016-03-13,14.47,414.06,53.8656137503,1020.94179819	
2016-03-14,12.45,416.44,53.8656137503,1020.94179819	
2016-03-15,13.01,416.83,53.8656137503,1020.94179819	
2016-03-16,12.52,417.01,53.8656137503,1020.94179819	
2016-03-17,11.08,420.62,53.8656137503,1020.94179819	
2016-03-18,11.0,409.55,53.8656137503,1020.94179819	
2016-03-19,10.53,410.44,53.8656137503,1020.94179819	
2016-03-20,10.32,413.75,53.8656137503,1020.94179819	
2016-03-21,11.86,413.31,53.8656137503,1020.94179819	
2016-03-22,11.27,418.09,53.8656137503,1020.94179819	
2016-03-23,12.42,418.04,53.8656137503,1020.94179819	
2016-03-24,11.23,416.39,53.8656137503,1020.94179819	
2016-03-25,10.74,417.18,53.8656137503,1020.94179819	
2016-03-26,10.97,417.94,53.8656137503,1020.94179819	
2016-03-27,10.42,426.76,53.8656137503,1020.94179819	
2016-03-28,11.67,424.23,53.8656137503,1020.94179819	
2016-03-29,11.66,416.52,53.8656137503,1020.94179819	
2016-03-30,11.95,414.82,53.8656137503,1020.94179819	
2016-03-31,11.4,416.73,53.8656137503,1020.94179819	
2016-04-01,11.66,417.96,53.8656137503,1020.94179819	
2016-04-02,11.6,420.87,53.8656137503,1020.94179819	
2016-04-03,11.62,420.9,53.8656137503,1020.94179819	
2016-04-04,11.16,421.44,53.8656137503,1020.94179819	
2016-04-05,10.44,424.03,53.8656137503,1020.94179819	
2016-04-06,10.69,423.41,53.8656137503,1020.94179819	
2016-04-07,10.07,422.75,53.8656137503,1020.94179819	
2016-04-08,9.72,420.35,53.8656137503,1020.94179819	
2016-04-09,9.15,419.41,53.8656137503,1020.94179819	
2016-04-10,8.94,421.56,53.8656137503,1020.94179819	
2016-04-11,8.64,422.48,53.8656137503,1020.94179819	
2016-04-12,7.44,425.19,53.8656137503,1020.94179819	
2016-04-13,8.04,423.73,53.8656137503,1020.94179819	
2016-04-14,8.39,424.28,53.8656137503,1020.94179819	
2016-04-15,8.24,429.71,53.8656137503,1020.94179819	
2016-04-16,8.61,430.57,53.8656137503,1020.94179819	
2016-04-17,9.31,427.4,53.8656137503,1020.94179819	
2016-04-18,9.04,428.59,53.8656137503,1020.94179819	
2016-04-19,8.71,435.51,53.8656137503,1020.94179819	
2016-04-20,8.47,441.39,53.8656137503,1020.94179819	
2016-04-21,8.1,449.43,53.8656137503,1020.94179819	
2016-04-22,7.82,445.74,53.8656137503,1020.94179819	
2016-04-23,8.29,450.28,53.8656137503,1020.94179819	
2016-04-24,8.0,458.56,53.8656137503,1020.94179819	
2016-04-25,7.55,461.43,53.8656137503,1020.94179819	
2016-04-26,7.4,466.09,53.8656137503,1020.94179819	
2016-04-27,7.76,444.69,53.8656137503,1020.94179819	
2016-04-28,7.17,449.01,53.8656137503,1020.94179819	
2016-04-29,7.46,455.1,53.8656137503,1020.94179819	
2016-04-30,8.81,448.32,53.8656137503,1020.94179819	
2016-05-01,8.85,451.88,53.8656137503,1020.94179819	
2016-05-02,10.16,444.67,53.8656137503,1020.94179819	
2016-05-03,9.31,450.3,53.8656137503,1020.94179819	
2016-05-04,9.41,446.72,53.8656137503,1020.94179819	
2016-05-05,9.83,447.98,53.8656137503,1020.94179819	
2016-05-06,9.35,459.6,53.8656137503,1020.94179819	
2016-05-07,9.37,458.54,53.8656137503,1020.94179819	
2016-05-08,9.48,458.55,53.8656137503,1020.94179819	
2016-05-09,9.3,460.48,53.8656137503,1020.94179819	
2016-05-10,9.36,450.89,53.8656137503,1020.94179819	
2016-05-11,10.0,452.73,53.8656137503,1020.94179819	
2016-05-12,10.06,454.77,53.8656137503,1020.94179819	
2016-05-13,10.51,455.67,53.8656137503,1020.94179819	
2016-05-14,10.24,455.67,53.8656137503,1020.94179819	
2016-05-15,9.96,457.57,53.8656137503,1020.94179819	
2016-05-16,11.17,454.16,53.8656137503,1020.94179819	
2016-05-17,12.2,453.78,53.8656137503,1020.94179819	
2016-05-18,13.56,454.62,53.8656137503,1020.94179819	
2016-05-19,14.77,438.71,53.8656137503,1020.94179819	
2016-05-20,13.64,442.68,53.8656137503,1020.94179819	
2016-05-21,14.02,443.19,53.8656137503,1020.94179819	
2016-05-22,14.29,439.32,53.8656137503,1020.94179819	
2016-05-23,13.46,444.15,53.8656137503,1020.94179819	
2016-05-24,12.73,445.98,53.8656137503,1020.94179819	
2016-05-25,12.53,449.6,53.8656137503,1020.94179819	
2016-05-26,12.43,453.38,53.8656137503,1020.94179819	
2016-05-27,11.3,473.46,53.8656137503,1020.94179819	
2016-05-28,11.89,530.04,53.8656137503,1020.94179819	
2016-05-29,12.35,526.23,53.8656137503,1020.94179819	
2016-05-30,12.73,533.86,53.8656137503,1020.94179819	
2016-05-31,14.08,531.39,53.8656137503,1020.94179819	
2016-06-01,14.0,536.92,53.8656137503,1020.94179819	
2016-06-02,13.74,537.97,53.8656137503,1020.94179819	
2016-06-03,13.85,569.19,53.8656137503,1020.94179819	
2016-06-04,13.74,572.73,53.8656137503,1020.94179819	
2016-06-05,13.97,574.98,53.8656137503,1020.94179819	
2016-06-06,13.93,585.54,53.8656137503,1020.94179819	
2016-06-07,14.51,576.6,53.8656137503,1020.94179819	
2016-06-08,14.42,581.64,53.8656137503,1020.94179819	
2016-06-09,14.4,574.63,53.8656137503,1020.94179819	
2016-06-10,13.91,577.47,53.8656137503,1020.94179819	
2016-06-11,14.19,606.73,53.8656137503,1020.94179819	
2016-06-12,15.74,672.78,53.8656137503,1020.94179819	
2016-06-13,17.6,704.38,53.8656137503,1020.94179819	
2016-06-14,18.89,685.56,53.8656137503,1020.94179819	
2016-06-15,18.35,694.47,53.8656137503,1020.94179819	
2016-06-16,20.59,766.31,53.8656137503,1020.94179819	
2016-06-17,15.38,748.91,53.8656137503,1020.94179819	
2016-06-18,11.33,756.23,53.8656137503,1020.94179819	
2016-06-19,12.23,763.78,53.8656137503,1020.94179819	
2016-06-20,11.84,737.23,53.8656137503,1020.94179819	
2016-06-21,13.31,666.65,53.8656137503,1020.94179819	
2016-06-22,13.1,596.12,53.8656137503,1020.94179819	
2016-06-23,13.68,623.98,53.8656137503,1020.94179819	
2016-06-24,14.33,665.3,53.8656137503,1020.94179819	
2016-06-25,14.28,665.12,53.8656137503,1020.94179819	
2016-06-26,13.85,629.37,53.8656137503,1020.94179819	
2016-06-27,13.88,655.27,53.8656137503,1020.94179819	
2016-06-28,12.18,647.0,53.8656137503,1020.94179819	
2016-06-29,12.61,639.89,53.8656137503,1020.94179819	
2016-06-30,12.46,673.34,53.8656137503,1020.94179819	
2016-07-01,12.2,676.3,53.8656137503,1020.94179819	
2016-07-02,12.13,703.7,53.8656137503,1020.94179819	
2016-07-03,11.72,658.66,53.8656137503,1020.94179819	
2016-07-04,11.47,683.66,53.8656137503,1020.94179819	
2016-07-05,10.61,670.63,53.8656137503,1020.94179819	
2016-07-06,10.53,677.33,53.8656137503,1020.94179819	
2016-07-07,10.11,640.56,53.8656137503,1020.94179819	
2016-07-08,11.39,666.52,53.8656137503,1020.94179819	
2016-07-09,10.97,650.96,53.8656137503,1020.94179819	
2016-07-10,10.95,649.36,53.8656137503,1020.94179819	
2016-07-11,10.46,647.66,53.8656137503,1020.94179819	
2016-07-12,10.52,664.55,53.8656137503,1020.94179819	
2016-07-13,10.5,654.47,53.8656137503,1020.94179819	
2016-07-14,11.51,658.08,53.8656137503,1020.94179819	
2016-07-15,11.95,663.25,53.8656137503,1020.94179819	
2016-07-16,11.65,660.77,53.8656137503,1020.94179819	
2016-07-17,11.16,679.46,53.8656137503,1020.94179819	
2016-07-18,11.03,673.11,53.8656137503,1020.94179819	
2016-07-19,11.62,672.86,53.8656137503,1020.94179819	
2016-07-20,12.45,665.68,53.8656137503,1020.94179819	
2016-07-21,12.65,665.01,53.8656137503,1020.94179819	
2016-07-22,14.66,650.62,53.8656137503,1020.94179819	
2016-07-23,14.3,655.56,53.8656137503,1020.94179819	
2016-07-24,12.75,661.28,53.8656137503,1020.94179819	
2016-07-25,13.84,654.1,53.8656137503,1020.94179819	
2016-07-26,11.99,651.78,53.8656137503,1020.94179819	
2016-07-27,12.97,654.35,53.8656137503,1020.94179819	
2016-07-28,12.84,655.03,53.8656137503,1020.94179819	
2016-07-29,12.79,656.99,53.8656137503,1020.94179819	
2016-07-30,12.46,655.05,53.8656137503,1020.94179819	
2016-07-31,11.88,624.68,53.8656137503,1020.94179819	
2016-08-01,10.94,606.27,53.8656137503,1020.94179819	
2016-08-02,8.79,547.47,53.8656137503,1020.94179819	
2016-08-03,10.29,566.36,53.8656137503,1020.94179819	
2016-08-04,11.04,578.29,53.8656137503,1020.94179819	
2016-08-05,10.93,575.04,53.8656137503,1020.94179819	
2016-08-06,10.88,587.78,53.8656137503,1020.94179819	
2016-08-07,10.91,592.69,53.8656137503,1020.94179819	
2016-08-08,11.25,591.05,53.8656137503,1020.94179819	
2016-08-09,12.24,587.8,53.8656137503,1020.94179819	
2016-08-10,12.14,592.1,53.8656137503,1020.94179819	
2016-08-11,11.69,589.12,53.8656137503,1020.94179819	
2016-08-12,11.78,587.56,53.8656137503,1020.94179819	
2016-08-13,11.57,585.59,53.8656137503,1020.94179819	
2016-08-14,11.19,570.47,53.8656137503,1020.94179819	
2016-08-15,11.22,567.24,53.8656137503,1020.94179819	
2016-08-16,11.14,577.44,53.8656137503,1020.94179819	
2016-08-17,10.75,573.22,53.8656137503,1020.94179819	
2016-08-18,10.76,574.32,53.8656137503,1020.94179819	
2016-08-19,10.75,575.63,53.8656137503,1020.94179819	
2016-08-20,11.25,581.7,53.8656137503,1020.94179819	
2016-08-21,11.18,581.31,53.8656137503,1020.94179819	
2016-08-22,11.12,586.75,53.8656137503,1020.94179819	
2016-08-23,11.03,583.41,53.8656137503,1020.94179819	
2016-08-24,11.04,580.18,53.8656137503,1020.94179819	
2016-08-25,11.36,577.76,53.8656137503,1020.94179819	
2016-08-26,11.3,579.65,53.8656137503,1020.94179819	
2016-08-27,11.15,569.95,53.8656137503,1020.94179819	
2016-08-28,10.93,573.91,53.8656137503,1020.94179819	
2016-08-29,10.98,574.11,53.8656137503,1020.94179819	
2016-08-30,11.23,577.5,53.8656137503,1020.94179819	
2016-08-31,11.67,575.47,53.8656137503,1020.94179819	
2016-09-01,11.99,572.3,53.8656137503,1020.94179819	
2016-09-02,12.11,575.54,53.8656137503,1020.94179819	
2016-09-03,11.76,598.21,53.8656137503,1020.94179819	
2016-09-04,11.68,608.63,53.8656137503,1020.94179819	
2016-09-05,11.72,606.59,53.8656137503,1020.94179819	
2016-09-06,11.69,610.44,53.8656137503,1020.94179819	
2016-09-07,11.55,614.54,53.8656137503,1020.94179819	
2016-09-08,11.35,626.32,53.8656137503,1020.94179819	
2016-09-09,11.65,622.86,53.8656137503,1020.94179819	
2016-09-10,12.17,623.51,53.8656137503,1020.94179819	
2016-09-11,11.64,606.72,53.8656137503,1020.94179819	
2016-09-12,11.89,608.24,53.8656137503,1020.94179819	
2016-09-13,11.92,609.24,53.8656137503,1020.94179819	
2016-09-14,11.92,610.68,53.8656137503,1020.94179819	
2016-09-15,11.94,607.15,53.8656137503,1020.94179819	
2016-09-16,12.56,606.97,53.8656137503,1020.94179819	
2016-09-17,12.7,605.98,53.8656137503,1020.94179819	
2016-09-18,12.43,609.87,53.8656137503,1020.94179819	
2016-09-19,13.19,609.23,53.8656137503,1020.94179819	
2016-09-20,14.43,608.31,53.8656137503,1020.94179819	
2016-09-21,13.77,597.15,53.8656137503,1020.94179819	
2016-09-22,13.25,596.3,53.8656137503,1020.94179819	
2016-09-23,13.33,602.84,53.8656137503,1020.94179819	
2016-09-24,12.88,602.63,53.8656137503,1020.94179819	
2016-09-25,13.1,600.83,53.8656137503,1020.94179819	
2016-09-26,12.82,608.04,53.8656137503,1020.94179819	
2016-09-27,13.1,606.17,53.8656137503,1020.94179819	
2016-09-28,13.27,604.73,53.8656137503,1020.94179819	
2016-09-29,13.07,605.69,53.8656137503,1020.94179819	
2016-09-30,13.22,609.74,53.8656137503,1020.94179819	
2016-10-01,13.17,613.98,53.8656137503,1020.94179819	
2016-10-02,13.2,610.89,53.8656137503,1020.94179819	
2016-10-03,13.45,612.13,53.8656137503,1020.94179819	
2016-10-04,13.28,610.2,53.8656137503,1020.94179819	
2016-10-05,13.04,612.51,53.8656137503,1020.94179819	
2016-10-06,12.85,613.02,53.8656137503,1020.94179819	
2016-10-07,12.67,617.12,53.8656137503,1020.94179819	
2016-10-08,12.22,619.11,53.8656137503,1020.94179819	
2016-10-09,12.05,616.75,53.8656137503,1020.94179819	
2016-10-10,11.76,618.99,53.8656137503,1020.94179819	
2016-10-11,11.79,641.07,53.8656137503,1020.94179819	
2016-10-12,11.93,636.19,53.8656137503,1020.94179819	
2016-10-13,11.96,636.79,53.8656137503,1020.94179819	
2016-10-14,11.94,640.38,53.8656137503,1020.94179819	
2016-10-15,11.98,638.65,53.8656137503,1020.94179819	
2016-10-16,11.95,641.63,53.8656137503,1020.94179819	
2016-10-17,12.01,639.19,53.8656137503,1020.94179819	
2016-10-18,12.59,637.96,53.8656137503,1020.94179819	
2016-10-19,12.02,630.52,53.8656137503,1020.94179819	
2016-10-20,12.1,630.86,53.8656137503,1020.94179819	
2016-10-21,12.18,632.83,53.8656137503,1020.94179819	
2016-10-22,12.07,657.29,53.8656137503,1020.94179819	
2016-10-23,12.04,657.07,53.8656137503,1020.94179819	
2016-10-24,11.97,653.76,53.8656137503,1020.94179819	
2016-10-25,11.41,657.59,53.8656137503,1020.94179819	
2016-10-26,11.53,678.3,53.8656137503,1020.94179819	
2016-10-27,11.5,688.31,53.8656137503,1020.94179819	
2016-10-28,11.09,689.65,53.8656137503,1020.94179819	
2016-10-29,10.44,714.48,53.8656137503,1020.94179819	
2016-10-30,11.18,701.86,53.8656137503,1020.94179819	
2016-10-31,11.0,700.97,53.8656137503,1020.94179819	
2016-11-01,10.77,729.79,53.8656137503,1020.94179819	
2016-11-02,10.75,740.83,53.8656137503,1020.94179819	
2016-11-03,10.8,688.7,53.8656137503,1020.94179819	
2016-11-04,11.09,703.24,53.8656137503,1020.94179819	
2016-11-05,11.0,703.42,53.8656137503,1020.94179819	
2016-11-06,10.87,711.52,53.8656137503,1020.94179819	
2016-11-07,10.81,703.13,53.8656137503,1020.94179819	
2016-11-08,10.83,709.85,53.8656137503,1020.94179819	
2016-11-09,10.66,723.27,53.8656137503,1020.94179819	
2016-11-10,10.52,715.53,53.8656137503,1020.94179819	
2016-11-11,10.29,716.41,53.8656137503,1020.94179819	
2016-11-12,9.88,705.05,53.8656137503,1020.94179819	
2016-11-13,10.1,702.03,53.8656137503,1020.94179819	
2016-11-14,9.97,705.02,53.8656137503,1020.94179819	
2016-11-15,10.22,711.62,53.8656137503,1020.94179819	
2016-11-16,10.06,744.2,53.8656137503,1020.94179819	
2016-11-17,9.99,740.98,53.8656137503,1020.94179819	
2016-11-18,9.48,751.59,53.8656137503,1020.94179819	
2016-11-19,9.66,751.62,53.8656137503,1020.94179819	
2016-11-20,9.58,731.03,53.8656137503,1020.94179819	
2016-11-21,9.62,739.25,53.8656137503,1020.94179819	
2016-11-22,9.91,751.35,53.8656137503,1020.94179819	
2016-11-23,9.84,744.59,53.8656137503,1020.94179819	
2016-11-24,9.23,740.29,53.8656137503,1020.94179819	
2016-11-25,9.4,741.65,53.8656137503,1020.94179819	
2016-11-26,9.33,735.38,53.8656137503,1020.94179819	
2016-11-27,9.0,732.03,53.8656137503,1020.94179819	
2016-11-28,8.72,735.81,53.8656137503,1020.94179819	
2016-11-29,8.17,735.6,53.8656137503,1020.94179819	
2016-11-30,8.59,745.69,53.8656137503,1020.94179819	
2016-12-01,8.45,756.77,53.8656137503,1020.94179819	
2016-12-02,7.76,777.94,53.8656137503,1020.94179819	
2016-12-03,7.92,771.15,53.8656137503,1020.94179819	
2016-12-04,7.44,773.87,53.8656137503,1020.94179819	
2016-12-05,6.82,758.7,53.8656137503,1020.94179819	
2016-12-06,7.87,764.22,53.8656137503,1020.94179819	
2016-12-07,8.38,768.13,53.8656137503,1020.94179819	
2016-12-08,8.23,770.81,53.8656137503,1020.94179819	
2016-12-09,8.45,772.79,53.8656137503,1020.94179819	
2016-12-10,8.13,774.65,53.8656137503,1020.94179819	
2016-12-11,8.19,769.73,53.8656137503,1020.94179819	
2016-12-12,8.52,780.09,53.8656137503,1020.94179819	
2016-12-13,8.42,780.56,53.8656137503,1020.94179819	
2016-12-14,8.27,781.48,53.8656137503,1020.94179819	
2016-12-15,7.83,778.09,53.8656137503,1020.94179819	
2016-12-16,7.86,784.91,53.8656137503,1020.94179819	
2016-12-17,7.88,790.83,53.8656137503,1020.94179819	
2016-12-18,7.87,790.53,53.8656137503,1020.94179819	
2016-12-19,7.64,792.71,53.8656137503,1020.94179819	
2016-12-20,7.66,800.88,53.8656137503,1020.94179819	
2016-12-21,7.91,834.28,53.8656137503,1020.94179819	
2016-12-22,7.58,864.54,53.8656137503,1020.94179819	
2016-12-23,7.17,921.98,53.8656137503,1020.94179819	
2016-12-24,7.27,898.82,53.8656137503,1020.94179819	
2016-12-25,7.18,896.18,53.8656137503,1020.94179819	
2016-12-26,7.27,907.61,53.8656137503,1020.94179819	
2016-12-27,7.17,933.2,53.8656137503,1020.94179819	
2016-12-28,7.52,975.92,53.8656137503,1020.94179819	
2016-12-29,8.28,973.5,53.8656137503,1020.94179819	
2016-12-30,8.16,961.24,53.8656137503,1020.94179819	
2016-12-31,7.97,963.74,53.8656137503,1020.94179819	
2017-01-01,8.17,998.33,53.8656137503,1020.94179819	
2017-01-02,8.38,1021.75,53.8656137503,1020.94179819	
2017-01-03,9.73,1043.84,53.8656137503,1020.94179819	
2017-01-04,11.25,1154.73,53.8656137503,1020.94179819	
2017-01-05,10.25,1013.38,53.8656137503,1020.94179819	
2017-01-06,10.25,902.2,53.8656137503,1020.94179819	
2017-01-07,9.87,908.59,53.8656137503,1020.94179819	
2017-01-08,10.29,911.2,53.8656137503,1020.94179819	
2017-01-09,10.33,902.83,53.8656137503,1020.94179819	
2017-01-10,10.55,907.68,53.8656137503,1020.94179819	
2017-01-11,9.72,777.76,53.8656137503,1020.94179819	
2017-01-12,9.86,804.83,53.8656137503,1020.94179819	
2017-01-13,9.77,823.98,53.8656137503,1020.94179819	
2017-01-14,9.65,818.41,53.8656137503,1020.94179819	
2017-01-15,9.9,821.8,53.8656137503,1020.94179819	
2017-01-16,9.64,831.53,53.8656137503,1020.94179819	
2017-01-17,10.3,907.94,53.8656137503,1020.94179819	
2017-01-18,10.23,886.62,53.8656137503,1020.94179819	
2017-01-19,10.4,899.07,53.8656137503,1020.94179819	
2017-01-20,10.6,895.03,53.8656137503,1020.94179819	
2017-01-21,10.91,921.79,53.8656137503,1020.94179819	
2017-01-22,10.7,924.67,53.8656137503,1020.94179819	
2017-01-23,10.82,921.01,53.8656137503,1020.94179819	
2017-01-24,10.63,892.69,53.8656137503,1020.94179819	
2017-01-25,10.57,901.54,53.8656137503,1020.94179819	
2017-01-26,10.59,917.59,53.8656137503,1020.94179819	
2017-01-27,10.54,919.75,53.8656137503,1020.94179819	
2017-01-28,10.56,921.59,53.8656137503,1020.94179819	
2017-01-29,10.48,919.5,53.8656137503,1020.94179819	
2017-01-30,10.57,920.38,53.8656137503,1020.94179819	
2017-01-31,10.73,970.4,53.8656137503,1020.94179819	
2017-02-01,10.73,989.02,53.8656137503,1020.94179819	
2017-02-02,10.82,1011.8,53.8656137503,1020.94179819	
2017-02-03,11.11,1029.91,53.8656137503,1020.94179819	
2017-02-04,11.43,1042.9,53.8656137503,1020.94179819	
2017-02-05,11.35,1027.34,53.8656137503,1020.94179819	
2017-02-06,11.39,1038.15,53.8656137503,1020.94179819	
2017-02-07,11.52,1061.35,53.8656137503,1020.94179819	
2017-02-08,11.43,1063.07,53.8656137503,1020.94179819	
2017-02-09,11.03,994.38,53.8656137503,1020.94179819	
2017-02-10,11.28,988.67,53.8656137503,1020.94179819	
2017-02-11,11.35,1004.45,53.8656137503,1020.94179819	
2017-02-12,11.4,999.18,53.8656137503,1020.94179819	
2017-02-13,11.27,990.64,53.8656137503,1020.94179819	
2017-02-14,13.03,1004.55,53.8656137503,1020.94179819	
2017-02-15,12.92,1007.48,53.8656137503,1020.94179819	
2017-02-16,12.9,1027.44,53.8656137503,1020.94179819	
2017-02-17,12.68,1046.21,53.8656137503,1020.94179819	
2017-02-18,12.81,1054.42,53.8656137503,1020.94179819	
2017-02-19,12.76,1047.87,53.8656137503,1020.94179819	
2017-02-20,12.43,1079.98,53.8656137503,1020.94179819	
2017-02-21,12.67,1115.3,53.8656137503,1020.94179819	
2017-02-22,12.6,1117.44,53.8656137503,1020.94179819	
2017-02-23,13.12,1166.72,53.8656137503,1020.94179819	
2017-02-24,13.07,1173.68,53.8656137503,1020.94179819	
2017-02-25,13.55,1143.84,53.8656137503,1020.94179819	
2017-02-26,14.52,1165.2,53.8656137503,1020.94179819	
2017-02-27,15.4,1179.97,53.8656137503,1020.94179819	
2017-02-28,15.82,1179.97,53.8656137503,1020.94179819	
2017-03-01,17.35,1222.5,53.8656137503,1020.94179819	
2017-03-02,19.03,1251.01,53.8656137503,1020.94179819	
2017-03-03,19.46,1274.99,53.8656137503,1020.94179819	
2017-03-04,18.62,1255.15,53.8656137503,1020.94179819	
2017-03-05,19.3,1267.12,53.8656137503,1020.94179819	
2017-03-06,19.61,1272.83,53.8656137503,1020.94179819	
2017-03-07,18.89,1223.54,53.8656137503,1020.94179819	
2017-03-08,16.65,1150.0,53.8656137503,1020.94179819	
2017-03-09,17.75,1188.49,53.8656137503,1020.94179819	
2017-03-10,19.33,1116.72,53.8656137503,1020.94179819	
2017-03-11,21.47,1175.83,53.8656137503,1020.94179819	
2017-03-12,23.44,1221.38,53.8656137503,1020.94179819	
2017-03-13,28.59,1231.92,53.8656137503,1020.94179819	
2017-03-14,28.65,1240.0,53.8656137503,1020.94179819	
2017-03-15,35.06,1249.61,53.8656137503,1020.94179819	
2017-03-16,46.35,1187.81,53.8656137503,1020.94179819	
2017-03-17,46.83,1100.23,53.8656137503,1020.94179819	
2017-03-18,34.16,973.82,53.8656137503,1020.94179819	
2017-03-19,44.74,1036.74,53.8656137503,1020.94179819	
2017-03-20,43.39,1054.23,53.8656137503,1020.94179819	
2017-03-21,43.15,1120.54,53.8656137503,1020.94179819	
2017-03-22,42.34,1049.14,53.8656137503,1020.94179819	
2017-03-23,43.68,1038.59,53.8656137503,1020.94179819	
2017-03-24,53.11,937.52,53.8656137503,1020.94179819	
2017-03-25,51.25,972.78,53.8656137503,1020.94179819	
2017-03-26,50.52,966.73,53.8656137503,1020.94179819	
2017-03-27,49.67,1045.77,53.8656137503,1020.94179819	
2017-03-28,50.77,1047.15,53.8656137503,1020.94179819	
2017-03-29,53.13,1039.97,53.8656137503,1020.94179819	
2017-03-30,52.21,1026.43,53.8656137503,1020.94179819	
2017-03-31,50.04,1071.79,53.8656137503,1020.94179819	
2017-04-01,50.7,1080.5,53.8656137503,1020.94179819	
2017-04-02,48.75,1102.17,53.8656137503,1020.94179819	
2017-04-03,44.36,1143.81,53.8656137503,1020.94179819	
2017-04-04,44.64,1133.25,53.8656137503,1020.94179819	
2017-04-05,45.3,1124.78,53.8656137503,1020.94179819	
2017-04-06,43.24,1182.68,53.8656137503,1020.94179819	
2017-04-07,42.16,1176.9,53.8656137503,1020.94179819	
2017-04-08,44.31,1175.95,53.8656137503,1020.94179819	
2017-04-09,43.27,1187.87,53.8656137503,1020.94179819	
2017-04-10,43.44,1187.13,53.8656137503,1020.94179819	
2017-04-11,43.41,1205.01,53.8656137503,1020.94179819	
2017-04-12,46.29,1200.37,53.8656137503,1020.94179819	
2017-04-13,50.22,1169.28,53.8656137503,1020.94179819	
2017-04-14,47.57,1167.54,53.8656137503,1020.94179819	
2017-04-15,49.1,1172.52,53.8656137503,1020.94179819	
2017-04-16,48.72,1182.94,53.8656137503,1020.94179819	
2017-04-17,48.3,1193.91,53.8656137503,1020.94179819	
2017-04-18,50.71,1211.67,53.8656137503,1020.94179819	
2017-04-19,48.31,1210.29,53.8656137503,1020.94179819	
2017-04-20,49.67,1229.08,53.8656137503,1020.94179819	
2017-04-21,48.22,1222.05,53.8656137503,1020.94179819	
2017-04-22,48.55,1231.71,53.8656137503,1020.94179819	
2017-04-23,48.49,1207.21,53.8656137503,1020.94179819	
2017-04-24,50.03,1250.15,53.8656137503,1020.94179819	
2017-04-25,49.89,1265.49,53.8656137503,1020.94179819	
2017-04-26,52.72,1281.08,53.8656137503,1020.94179819	
2017-04-27,62.17,1317.73,53.8656137503,1020.94179819	
2017-04-28,70.16,1316.48,53.8656137503,1020.94179819	
2017-04-29,68.38,1321.79,53.8656137503,1020.94179819	
2017-04-30,79.02,1347.89,53.8656137503,1020.94179819	
2017-05-01,76.3,1421.6,53.8656137503,1020.94179819	
2017-05-02,77.26,1452.82,53.8656137503,1020.94179819	
2017-05-03,79.72,1490.09,53.8656137503,1020.94179819	
2017-05-04,96.98,1537.67,53.8656137503,1020.94179819	
2017-05-05,94.4,1555.45,53.8656137503,1020.94179819	
2017-05-06,97.81,1578.8,53.8656137503,1020.94179819	
2017-05-07,94.01,1596.71,53.8656137503,1020.94179819	
2017-05-08,91.42,1723.35,53.8656137503,1020.94179819	
2017-05-09,91.16,1755.36,53.8656137503,1020.94179819	
2017-05-10,89.52,1787.13,53.8656137503,1020.94179819	
2017-05-11,89.88,1848.57,53.8656137503,1020.94179819	
2017-05-12,88.66,1724.24,53.8656137503,1020.94179819	
2017-05-13,90.84,1804.91,53.8656137503,1020.94179819	
2017-05-14,90.79,1808.91,53.8656137503,1020.94179819	
2017-05-15,92.41,1738.43,53.8656137503,1020.94179819	
2017-05-16,89.44,1734.45,53.8656137503,1020.94179819	
2017-05-17,89.86,1839.09,53.8656137503,1020.94179819	
2017-05-18,96.91,1888.65,53.8656137503,1020.94179819	
2017-05-19,129.53,1987.71,53.8656137503,1020.94179819	
2017-05-20,126.52,2084.73,53.8656137503,1020.94179819	
2017-05-21,157.94,2041.2,53.8656137503,1020.94179819	
2017-05-22,174.26,2173.4,53.8656137503,1020.94179819	
2017-05-23,181.95,2320.42,53.8656137503,1020.94179819	
2017-05-24,190.05,2443.64,53.8656137503,1020.94179819	
2017-05-25,174.45,2304.98,53.8656137503,1020.94179819	
2017-05-26,160.4,2202.42,53.8656137503,1020.94179819	
2017-05-27,157.76,2038.87,53.8656137503,1020.94179819	
2017-05-28,170.51,2155.8,53.8656137503,1020.94179819	
2017-05-29,194.91,2255.61,53.8656137503,1020.94179819	
2017-05-30,231.91,2175.47,53.8656137503,1020.94179819	
2017-05-31,230.67,2286.41,53.8656137503,1020.94179819	
2017-06-01,222.24,2407.88,53.8656137503,1020.94179819	
2017-06-02,223.78,2488.55,53.8656137503,1020.94179819	
2017-06-03,224.38,2515.35,53.8656137503,1020.94179819	
2017-06-04,245.33,2511.81,53.8656137503,1020.94179819	
2017-06-05,248.46,2686.81,53.8656137503,1020.94179819	
2017-06-06,264.47,2863.2,53.8656137503,1020.94179819	
2017-06-07,258.07,2732.16,53.8656137503,1020.94179819	
2017-06-08,261.67,2805.62,53.8656137503,1020.94179819	
2017-06-09,281.74,2823.81,53.8656137503,1020.94179819	
2017-06-10,337.67,2947.71,53.8656137503,1020.94179819	
2017-06-11,340.61,2958.11,53.8656137503,1020.94179819	
2017-06-12,401.49,2659.63,53.8656137503,1020.94179819	
2017-06-13,397.54,2717.02,53.8656137503,1020.94179819	
2017-06-14,359.05,2506.37,53.8656137503,1020.94179819	
2017-06-15,361.93,2464.58,53.8656137503,1020.94179819	
2017-06-16,370.23,2518.56,53.8656137503,1020.94179819	
2017-06-17,379.41,2655.88,53.8656137503,1020.94179819	
2017-06-18,371.46,2548.29,53.8656137503,1020.94179819	
2017-06-19,370.06,2589.6,53.8656137503,1020.94179819	
2017-06-20,359.0,2721.79,53.8656137503,1020.94179819	
2017-06-21,336.87,2689.1,53.8656137503,1020.94179819	
2017-06-22,336.37,2705.41,53.8656137503,1020.94179819	
2017-06-23,341.74,2744.91,53.8656137503,1020.94179819	
2017-06-24,323.7,2608.72,53.8656137503,1020.94179819	
2017-06-25,303.25,2589.41,53.8656137503,1020.94179819	
2017-06-26,272.69,2478.45,53.8656137503,1020.94179819	
2017-06-27,293.09,2552.45,53.8656137503,1020.94179819	
2017-06-28,327.93,2574.79,53.8656137503,1020.94179819	
2017-06-29,302.88,2539.32,53.8656137503,1020.94179819	
2017-06-30,294.92,2480.84,53.8656137503,1020.94179819	
2017-07-01,274.6,2434.55,53.8656137503,1020.94179819	
2017-07-02,287.99,2506.47,53.8656137503,1020.94179819	
2017-07-03,282.9,2564.06,53.8656137503,1020.94179819	
2017-07-04,273.3,2601.64,53.8656137503,1020.94179819	
2017-07-05,268.77,2601.99,53.8656137503,1020.94179819	
2017-07-06,270.55,2608.56,53.8656137503,1020.94179819	
2017-07-07,245.99,2518.66,53.8656137503,1020.94179819	
2017-07-08,251.7,2571.34,53.8656137503,1020.94179819	
2017-07-09,242.14,2518.44,53.8656137503,1020.94179819	
2017-07-10,215.36,2372.56,53.8656137503,1020.94179819	
2017-07-11,197.4,2337.79,53.8656137503,1020.94179819	
2017-07-12,230.77,2398.84,53.8656137503,1020.94179819	
2017-07-13,209.73,2357.9,53.8656137503,1020.94179819	
2017-07-14,199.66,2233.34,53.8656137503,1020.94179819	
2017-07-15,170.66,1998.86,53.8656137503,1020.94179819	
2017-07-16,157.36,1929.82,53.8656137503,1020.94179819	
2017-07-17,193.42,2228.41,53.8656137503,1020.94179819	
2017-07-18,234.39,2318.88,53.8656137503,1020.94179819	
2017-07-19,199.7,2273.43,53.8656137503,1020.94179819	
2017-07-20,227.26,2817.6,53.8656137503,1020.94179819	
2017-07-21,218.31,2667.76,53.8656137503,1020.94179819	
2017-07-22,229.48,2810.12,53.8656137503,1020.94179819	
2017-07-23,225.95,2730.4,53.8656137503,1020.94179819	
2017-07-24,224.71,2754.86,53.8656137503,1020.94179819	
2017-07-25,206.71,2576.48,53.8656137503,1020.94179819	
2017-07-26,203.95,2529.45,53.8656137503,1020.94179819	
2017-07-27,204.32,2671.78,53.8656137503,1020.94179819	
2017-07-28,193.12,2809.01,53.8656137503,1020.94179819	
2017-07-29,205.79,2726.45,53.8656137503,1020.94179819	
2017-07-30,197.98,2757.18,53.8656137503,1020.94179819	
2017-07-31,203.87,2875.34,53.8656137503,1020.94179819	
2017-08-01,226.77,2718.26,53.8656137503,1020.94179819	
2017-08-02,219.95,2710.67,53.8656137503,1020.94179819	
2017-08-03,225.34,2804.73,53.8656137503,1020.94179819	
2017-08-04,223.07,2895.89,53.8656137503,1020.94179819	
2017-08-05,256.51,3252.91,53.8656137503,1020.94179819	
2017-08-06,261.57,3213.94,53.8656137503,1020.94179819	
2017-08-07,269.18,3378.94,53.8656137503,1020.94179819	
2017-08-08,296.77,3419.94,53.8656137503,1020.94179819	
2017-08-09,296.03,3342.47,53.8656137503,1020.94179819	
2017-08-10,295.89,3381.28,53.8656137503,1020.94179819	
2017-08-11,308.86,3650.62,53.8656137503,1020.94179819	
2017-08-12,310.6,3884.71,53.8656137503,1020.94179819	
2017-08-13,298.06,4073.26,53.8656137503,1020.94179819	
2017-08-14,300.1,4325.13,53.8656137503,1020.94179819	
2017-08-15,289.82,4181.93,53.8656137503,1020.94179819	
2017-08-16,302.27,4376.63,53.8656137503,1020.94179819	
2017-08-17,301.46,4331.69,53.8656137503,1020.94179819	
2017-08-18,295.59,4160.62,53.8656137503,1020.94179819	
2017-08-19,297.47,4193.7,53.8656137503,1020.94179819	
2017-08-20,301.43,4087.66,53.8656137503,1020.94179819	
2017-08-21,321.59,4001.74,53.8656137503,1020.94179819	
2017-08-22,314.79,4100.52,53.8656137503,1020.94179819	
2017-08-23,317.52,4151.52,53.8656137503,1020.94179819	
2017-08-24,325.61,4334.68,53.8656137503,1020.94179819	
2017-08-25,331.92,4371.6,53.8656137503,1020.94179819	
2017-08-26,333.88,4352.4,53.8656137503,1020.94179819	
2017-08-27,347.89,4382.88,53.8656137503,1020.94179819	
2017-08-28,347.75,4382.66,53.8656137503,1020.94179819	
2017-08-29,370.67,4579.02,53.8656137503,1020.94179819	
2017-08-30,378.49,4565.3,53.8656137503,1020.94179819	
2017-08-31,383.04,4703.39,53.8656137503,1020.94179819	
2017-09-01,387.74,4892.01,53.8656137503,1020.94179819	
2017-09-02,348.98,4578.77,53.8656137503,1020.94179819	
2017-09-03,347.48,4582.96,53.8656137503,1020.94179819	
2017-09-04,295.17,4236.31,53.8656137503,1020.94179819	
2017-09-05,312.99,4376.53,53.8656137503,1020.94179819	
2017-09-06,334.34,4597.12,53.8656137503,1020.94179819	
2017-09-07,329.43,4599.88,53.8656137503,1020.94179819	
2017-09-08,296.5,4228.75,53.8656137503,1020.94179819	
2017-09-09,294.4,4226.06,53.8656137503,1020.94179819	
2017-09-10,288.75,4122.94,53.8656137503,1020.94179819	
2017-09-11,294.53,4161.27,53.8656137503,1020.94179819	
2017-09-12,291.46,4130.81,53.8656137503,1020.94179819	
2017-09-13,277.11,3882.59,53.8656137503,1020.94179819	
2017-09-14,213.91,3154.95,53.8656137503,1020.94179819	
2017-09-15,250.46,3637.52,53.8656137503,1020.94179819	
2017-09-16,246.52,3625.04,53.8656137503,1020.94179819	
2017-09-17,251.75,3582.88,53.8656137503,1020.94179819	
